-0.139 0.388 0.009
-0.08  0.389 0.009
-0.079 0.329 0.007
-0.138 0.328 0.008

-0.064 0.390 0.008
-0.004 0.392 0.008
-0.002 0.332 0.008
-0.062 0.330 0.008

-0.137 0.313 0.008
-0.077 0.314 0.008
-0.076 0.254 0.007
-0.137 0.253 0.007

-0.063 0.315 0.007
-0.002 0.317 0.007
-0.002 0.257 0.006
-0.061 0.255 0.006

0.08   0.395 0.007
0.140  0.395 0.008
0.140  0.335 0.006
0.08   0.335 0.007

0.154  0.396 0.005
0.213  0.397 0.005
0.214  0.336 0.006
0.154  0.336 0.006

0.080  0.319 0.003
0.140  0.320 0.003
0.140  0.260 0.002
0.080  0.259 0.002

0.155  0.321 0.003
0.215  0.322 0.003
0.215  0.262 0.003
0.155  0.262 0.002

0.3    0.4   0.006
0.36   0.4   0.007
0.36   0.34  0.006
0.3    0.34  0.006

0.373  0.4   0.008
0.434  0.4   0.008
0.435  0.341 0.007
0.375  0.341 0.007

0.3    0.326 0.006
0.36   0.326 0.008
0.359  0.266 0.007
0.3    0.266 0.007

0.376  0.326 0.007
0.436  0.326 0.008
0.436  0.267 0.007
0.377  0.266 0.006








